// FFA_W3_360
//   alpha   C_l    C_d
    (-180 0.0    0.0)
    (-175 0.174  0.0099)
    (-170 0.342  0.0392)
    (-165 0.5    0.0871)
    (-160 0.643  0.1521)
    (-155 0.766  0.2322)
    (-150 0.866  0.325)
    (-145 0.94   0.4277)
    (-140 0.985  0.5371)
    (-135 1.0    0.65)
    (-130 0.985  0.7629)
    (-125 0.94   0.8723)
    (-120 0.866  0.975)
    (-115 0.766  1.068)
    (-110 0.643  1.148)
    (-105 0.5    1.213)
    (-100 0.342  1.261)
    (-95  0.174  1.29)
    (-90  0.0    1.3)
    (-85  -0.174 1.29)
    (-80  -0.342 1.261)
    (-75  -0.5   1.213)
    (-70  -0.643 1.148)
    (-65  -0.766 1.068)
    (-60  -0.866 0.975)
    (-55  -0.94  0.8723)
    (-50  -0.985 0.7629)
    (-45  -1.0   0.65)
    (-40  -0.972 0.5352)
    (-39  -0.964 0.5136)
    (-38  -0.946 0.4851)
    (-37  -0.928 0.4635)
    (-36  -0.911 0.4349)
    (-35  -0.893 0.4064)
    (-34  -0.885 0.3778)
    (-33  -0.868 0.3523)
    (-32  -0.856 0.3315)
    (-30  -0.838 0.2777)
    (-28  -0.819 0.2338)
    (-26  -0.792 0.2045)
    (-24  -0.776 0.1751)
    (-22  -0.744 0.1513)
    (-20  -0.713 0.1274)
    (-18  -0.668 0.1085)
    (-16  -0.623 0.0896)
    (-14  -0.574 0.0748)
    (-12  -0.525 0.06)
    (-10  -0.483 0.0485)
    (-8   -0.44  0.037)
    (-6   -0.298 0.0294)
    (-4   -0.156 0.0219)
    (-2   0.174  0.0203)
    (0    0.505  0.0187)
    (2    0.824  0.0188)
    (4    1.121  0.0196)
    (6    1.39   0.0213)
    (8    1.625  0.024)
    (10   1.811  0.0279)
    (12   1.859  0.0365)
    (14   1.816  0.076)
    (16   1.779  0.1165)
    (18   1.756  0.1571)
    (20   1.763  0.2063)
    (22   1.8    0.3057)
    (24   1.849  0.4153)
    (26   1.877  0.5163)
    (28   1.883  0.6069)
    (30   1.869  0.6892)
    (32   1.844  0.7625)
    (33   1.835  0.7954)
    (34   1.83   0.8232)
    (35   1.814  0.8446)
    (36   1.785  0.8684)
    (37   1.767  0.8912)
    (38   1.727  0.9066)
    (39   1.686  0.9255)
    (40   1.646  0.9385)
    (45   1.447  1.029)
    (50   1.136  1.071)
    (55   0.981  1.086)
    (60   0.866  1.1)
    (65   0.766  1.128)
    (70   0.643  1.163)
    (75   0.5    1.213)
    (80   0.342  1.261)
    (85   0.174  1.29)
    (90   0.0    1.3)
    (95   -0.174 1.29)
    (100  -0.342 1.261)
    (105  -0.5   1.213)
    (110  -0.643 1.148)
    (115  -0.766 1.068)
    (120  -0.866 0.975)
    (125  -0.94  0.8723)
    (130  -0.985 0.7629)
    (135  -1.0   0.65)
    (140  -0.985 0.5371)
    (145  -0.94  0.4277)
    (150  -0.866 0.325)
    (155  -0.766 0.2322)
    (160  -0.643 0.1521)
    (165  -0.5   0.0871)
    (170  -0.342 0.0392)
    (175  -0.174 0.0099)
    (180  0.0    0.0)
