// FFA_W3_301
//   alpha   C_l    C_d
    (-180 0.0    0.0)
    (-175 0.174  0.0099)
    (-170 0.342  0.0392)
    (-165 0.5    0.0871)
    (-160 0.643  0.1521)
    (-155 0.766  0.2322)
    (-150 0.866  0.325)
    (-145 0.94   0.4277)
    (-140 0.985  0.5371)
    (-135 1.0    0.65)
    (-130 0.985  0.7629)
    (-125 0.94   0.8723)
    (-120 0.866  0.975)
    (-115 0.766  1.068)
    (-110 0.643  1.148)
    (-105 0.5    1.213)
    (-100 0.342  1.261)
    (-95  0.174  1.29)
    (-90  0.0    1.3)
    (-85  -0.174 1.29)
    (-80  -0.342 1.261)
    (-75  -0.5   1.213)
    (-70  -0.643 1.148)
    (-65  -0.766 1.068)
    (-60  -0.866 0.975)
    (-55  -0.94  0.8723)
    (-50  -0.985 0.7629)
    (-45  -1.0   0.65)
    (-40  -1.022 0.5352)
    (-39  -1.024 0.5066)
    (-38  -1.016 0.4851)
    (-37  -1.018 0.4565)
    (-36  -1.011 0.4279)
    (-35  -1.003 0.3994)
    (-34  -0.995 0.3708)
    (-33  -0.988 0.3353)
    (-32  -0.984 0.3097)
    (-30  -0.97  0.2663)
    (-28  -0.967 0.2229)
    (-26  -0.944 0.1941)
    (-24  -0.931 0.1654)
    (-22  -0.905 0.1417)
    (-20  -0.878 0.1181)
    (-18  -0.846 0.0986)
    (-16  -0.813 0.0792)
    (-14  -0.773 0.0643)
    (-12  -0.732 0.0495)
    (-10  -0.694 0.0381)
    (-8   -0.655 0.0267)
    (-6   -0.451 0.0204)
    (-4   -0.247 0.014)
    (-2   0.03   0.0129)
    (0    0.306  0.0118)
    (2    0.567  0.0119)
    (4    0.82   0.0125)
    (6    1.061  0.0136)
    (8    1.287  0.0152)
    (10   1.484  0.018)
    (12   1.639  0.0224)
    (14   1.733  0.0303)
    (16   1.714  0.0539)
    (18   1.683  0.0954)
    (20   1.657  0.1435)
    (22   1.644  0.228)
    (24   1.633  0.3148)
    (26   1.633  0.3926)
    (28   1.617  0.4623)
    (30   1.597  0.5266)
    (32   1.571  0.5855)
    (33   1.576  0.6215)
    (34   1.557  0.6562)
    (35   1.548  0.6897)
    (36   1.527  0.7148)
    (37   1.526  0.7464)
    (38   1.514  0.7762)
    (39   1.492  0.7982)
    (40   1.46   0.8197)
    (45   1.295  0.9122)
    (50   1.126  0.9665)
    (55   0.981  0.9957)
    (60   0.866  1.035)
    (65   0.766  1.083)
    (70   0.643  1.148)
    (75   0.5    1.213)
    (80   0.342  1.261)
    (85   0.174  1.29)
    (90   0.0    1.3)
    (95   -0.174 1.29)
    (100  -0.342 1.261)
    (105  -0.5   1.213)
    (110  -0.643 1.148)
    (115  -0.766 1.068)
    (120  -0.866 0.975)
    (125  -0.94  0.8723)
    (130  -0.985 0.7629)
    (135  -1.0   0.65)
    (140  -0.985 0.5371)
    (145  -0.94  0.4277)
    (150  -0.866 0.325)
    (155  -0.766 0.2322)
    (160  -0.643 0.1521)
    (165  -0.5   0.0871)
    (170  -0.342 0.0392)
    (175  -0.174 0.0099)
    (180  0.0    0.0)
