// FFA_W3_241
//   alpha   C_l    C_d
    (-180 0.0    0.0)
    (-175 0.174  0.0114)
    (-170 0.342  0.0452)
    (-165 0.5    0.1005)
    (-160 0.643  0.1755)
    (-155 0.766  0.2679)
    (-150 0.866  0.375)
    (-145 0.94   0.4935)
    (-140 0.985  0.6197)
    (-135 1.0    0.75)
    (-130 0.985  0.8803)
    (-125 0.94   1.006)
    (-120 0.866  1.125)
    (-115 0.766  1.232)
    (-110 0.643  1.325)
    (-105 0.5    1.399)
    (-100 0.342  1.455)
    (-95  0.174  1.489)
    (-90  0.0    1.5)
    (-85  -0.174 1.489)
    (-80  -0.342 1.455)
    (-75  -0.5   1.399)
    (-70  -0.643 1.325)
    (-65  -0.766 1.232)
    (-60  -0.866 1.125)
    (-55  -0.94  1.006)
    (-50  -0.985 0.8603)
    (-45  -1.012 0.712)
    (-40  -1.038 0.5475)
    (-39  -1.042 0.5165)
    (-38  -1.046 0.4816)
    (-37  -1.052 0.4487)
    (-36  -1.057 0.4177)
    (-35  -1.061 0.3848)
    (-34  -1.065 0.3558)
    (-33  -1.072 0.3289)
    (-32  -1.077 0.3031)
    (-30  -1.089 0.256)
    (-28  -1.099 0.209)
    (-26  -1.117 0.1756)
    (-24  -1.128 0.1423)
    (-22  -1.121 0.1183)
    (-20  -1.115 0.0943)
    (-18  -1.092 0.0765)
    (-16  -1.069 0.0587)
    (-14  -1.038 0.0454)
    (-12  -1.007 0.0321)
    (-10  -0.848 0.023)
    (-8   -0.689 0.0138)
    (-6   -0.428 0.0118)
    (-4   -0.166 0.0098)
    (-2   0.086  0.0095)
    (0    0.339  0.0092)
    (2    0.587  0.0094)
    (4    0.83   0.0099)
    (6    1.066  0.0109)
    (8    1.291  0.0124)
    (10   1.501  0.0144)
    (12   1.689  0.0173)
    (14   1.81   0.0226)
    (16   1.814  0.0354)
    (18   1.754  0.0647)
    (20   1.607  0.1035)
    (22   1.526  0.1437)
    (24   1.443  0.1841)
    (26   1.383  0.229)
    (28   1.322  0.2738)
    (30   1.258  0.3278)
    (32   1.194  0.3816)
    (33   1.173  0.4209)
    (34   1.157  0.4504)
    (35   1.138  0.4815)
    (36   1.125  0.5105)
    (37   1.118  0.545)
    (38   1.102  0.5737)
    (39   1.089  0.5999)
    (40   1.075  0.628)
    (45   1.018  0.7578)
    (50   0.972  0.882)
    (55   0.927  1.01)
    (60   0.866  1.125)
    (65   0.766  1.232)
    (70   0.643  1.325)
    (75   0.5    1.399)
    (80   0.342  1.455)
    (85   0.174  1.489)
    (90   0.0    1.5)
    (95   -0.174 1.489)
    (100  -0.342 1.455)
    (105  -0.5   1.399)
    (110  -0.643 1.325)
    (115  -0.766 1.232)
    (120  -0.866 1.125)
    (125  -0.94  1.006)
    (130  -0.985 0.8803)
    (135  -1.0   0.75)
    (140  -0.985 0.6197)
    (145  -0.94  0.4935)
    (150  -0.866 0.375)
    (155  -0.766 0.2679)
    (160  -0.643 0.1755)
    (165  -0.5   0.1005)
    (170  -0.342 0.0452)
    (175  -0.174 0.0114)
    (180  0.0    0.0)
