// FFA_W3_480
//   alpha   C_l    C_d
    (-180 0.0    0.0)
    (-175 0.174  0.0099)
    (-170 0.342  0.0392)
    (-165 0.5    0.0871)
    (-160 0.643  0.1521)
    (-155 0.766  0.2322)
    (-150 0.866  0.325)
    (-145 0.94   0.4277)
    (-140 0.985  0.5371)
    (-135 1.0    0.65)
    (-130 0.985  0.7629)
    (-125 0.94   0.8723)
    (-120 0.866  0.975)
    (-115 0.766  1.068)
    (-110 0.643  1.148)
    (-105 0.5    1.213)
    (-100 0.342  1.261)
    (-95  0.174  1.29)
    (-90  0.0    1.3)
    (-85  -0.174 1.29)
    (-80  -0.342 1.261)
    (-75  -0.5   1.213)
    (-70  -0.643 1.148)
    (-65  -0.766 1.068)
    (-60  -0.866 0.975)
    (-55  -0.94  0.8723)
    (-50  -0.985 0.7629)
    (-45  -1.0   0.65)
    (-40  -0.982 0.5352)
    (-39  -0.954 0.5136)
    (-38  -0.926 0.4851)
    (-37  -0.888 0.4565)
    (-36  -0.851 0.4279)
    (-35  -0.823 0.3924)
    (-34  -0.785 0.3638)
    (-33  -0.748 0.3383)
    (-32  -0.701 0.3123)
    (-30  -0.621 0.2663)
    (-28  -0.541 0.2402)
    (-26  -0.469 0.2169)
    (-24  -0.388 0.1936)
    (-22  -0.316 0.1732)
    (-20  -0.244 0.1529)
    (-18  -0.164 0.1355)
    (-16  -0.084 0.118)
    (-14  0.002  0.1035)
    (-12  0.088  0.089)
    (-10  0.172  0.0773)
    (-8   0.256  0.0656)
    (-6   0.318  0.0563)
    (-4   0.38   0.047)
    (-2   0.357  0.0405)
    (0    0.335  0.0341)
    (2    0.565  0.0316)
    (4    0.877  0.0343)
    (6    1.042  0.0451)
    (8    0.949  0.07)
    (10   0.909  0.0886)
    (12   0.976  0.0993)
    (14   1.113  0.107)
    (16   1.306  0.1163)
    (18   1.541  0.1317)
    (20   1.805  0.157)
    (22   2.002  0.2757)
    (24   2.122  0.4224)
    (26   2.192  0.561)
    (28   2.229  0.6861)
    (30   2.232  0.7958)
    (32   2.219  0.8915)
    (33   2.209  0.9229)
    (34   2.193  0.9472)
    (35   2.163  0.9664)
    (36   2.131  0.9889)
    (37   2.088  1.007)
    (38   2.043  1.028)
    (39   1.998  1.052)
    (40   1.942  1.077)
    (45   1.653  1.17)
    (50   1.302  1.196)
    (55   1.031  1.196)
    (60   0.866  1.19)
    (65   0.766  1.193)
    (70   0.643  1.203)
    (75   0.5    1.213)
    (80   0.342  1.261)
    (85   0.174  1.29)
    (90   0.0    1.3)
    (95   -0.174 1.29)
    (100  -0.342 1.261)
    (105  -0.5   1.213)
    (110  -0.643 1.148)
    (115  -0.766 1.068)
    (120  -0.866 0.975)
    (125  -0.94  0.8723)
    (130  -0.985 0.7629)
    (135  -1.0   0.65)
    (140  -0.985 0.5371)
    (145  -0.94  0.4277)
    (150  -0.866 0.325)
    (155  -0.766 0.2322)
    (160  -0.643 0.1521)
    (165  -0.5   0.0871)
    (170  -0.342 0.0392)
    (175  -0.174 0.0099)
    (180  0.0    0.0)
