// FFA_W3_600
//   alpha   C_l    C_d
    (-180 0.0    0.0)
    (-175 0.174  0.0099)
    (-170 0.342  0.0392)
    (-165 0.5    0.0871)
    (-160 0.643  0.1521)
    (-155 0.766  0.2322)
    (-150 0.866  0.325)
    (-145 0.94   0.4277)
    (-140 0.985  0.5371)
    (-135 1.0    0.65)
    (-130 0.985  0.7629)
    (-125 0.94   0.8723)
    (-120 0.866  0.975)
    (-115 0.766  1.068)
    (-110 0.643  1.148)
    (-105 0.5    1.213)
    (-100 0.342  1.261)
    (-95  0.174  1.29)
    (-90  0.0    1.3)
    (-85  -0.174 1.29)
    (-80  -0.342 1.261)
    (-75  -0.5   1.213)
    (-70  -0.643 1.148)
    (-65  -0.766 1.068)
    (-60  -0.866 0.975)
    (-55  -0.94  0.8723)
    (-50  -0.985 0.7629)
    (-45  -1.0   0.65)
    (-40  -0.952 0.5282)
    (-39  -0.904 0.5026)
    (-38  -0.826 0.4671)
    (-37  -0.718 0.4345)
    (-36  -0.621 0.3989)
    (-35  -0.523 0.3634)
    (-34  -0.445 0.3278)
    (-33  -0.348 0.3013)
    (-32  -0.257 0.2729)
    (-30  -0.157 0.2332)
    (-28  -0.078 0.2034)
    (-26  0.012  0.1858)
    (-24  0.101  0.1681)
    (-22  0.196  0.1526)
    (-20  0.292  0.137)
    (-18  0.393  0.124)
    (-16  0.495  0.1109)
    (-14  0.6    0.1009)
    (-12  0.706  0.0908)
    (-10  0.788  0.0836)
    (-8   0.87   0.0765)
    (-6   0.836  0.0748)
    (-4   0.816  0.0731)
    (-2   0.66   0.0755)
    (0    0.52   0.078)
    (2    0.264  0.078)
    (4    -0.091 0.0708)
    (6    0.166  0.0748)
    (8    0.448  0.0859)
    (10   0.707  0.0999)
    (12   0.954  0.1115)
    (14   1.189  0.1207)
    (16   1.418  0.1368)
    (18   1.639  0.15)
    (20   1.822  0.1689)
    (22   1.984  0.2066)
    (24   2.099  0.3092)
    (26   2.19   0.4344)
    (28   2.254  0.5512)
    (30   2.273  0.6732)
    (32   2.274  0.7756)
    (33   2.278  0.8209)
    (34   2.266  0.8551)
    (35   2.241  0.8862)
    (36   2.233  0.9141)
    (37   2.213  0.939)
    (38   2.182  0.9709)
    (39   2.139  0.9996)
    (40   2.095  1.025)
    (45   1.837  1.142)
    (50   1.516  1.161)
    (55   1.201  1.166)
    (60   0.966  1.175)
    (65   0.766  1.178)
    (70   0.643  1.198)
    (75   0.5    1.213)
    (80   0.342  1.261)
    (85   0.174  1.29)
    (90   0.0    1.3)
    (95   -0.174 1.29)
    (100  -0.342 1.261)
    (105  -0.5   1.213)
    (110  -0.643 1.148)
    (115  -0.766 1.068)
    (120  -0.866 0.975)
    (125  -0.94  0.8723)
    (130  -0.985 0.7629)
    (135  -1.0   0.65)
    (140  -0.985 0.5371)
    (145  -0.94  0.4277)
    (150  -0.866 0.325)
    (155  -0.766 0.2322)
    (160  -0.643 0.1521)
    (165  -0.5   0.0871)
    (170  -0.342 0.0392)
    (175  -0.174 0.0099)
    (180  0.0    0.0)
